,K1,K2,K3,K4,K5,K6,K7,K8,K9,K10
K1,0,88,24,26,170,100,82,110,135,240
K2,88,0,106,105,253,181,42,190,70,88
K3,24,106,0,33,154,81,64,94,156,258
K4,26,105,33,0,162,87,63,91,143,249
K5,170,253,154,162,0,77,212,76,304,406
K6,100,181,81,87,77,0,138,20,230,332
K7,82,42,64,63,212,138,0,148,96,194
K8,110,190,94,91,76,20,148,0,232,340
K9,135,70,156,143,304,230,96,232,0,116
K10,240,88,258,249,406,332,194,340,116,0
