,K1,K2,K3,K4,K5,K6,K7,K8,K9,K10
K1,0,88,24,26,73,100,87,110,135,240
K2,88,0,106,105,156,181,170,190,70,88
K3,24,106,0,33,61,81,79,94,156,258
K4,26,105,33,0,59,87,66,91,143,249
K5,73,156,61,59,0,28,25,32,202,309
K6,100,181,81,87,28,0,43,20,230,332
K7,87,170,79,66,25,43,0,39,209,316
K8,110,190,94,91,32,20,39,0,232,340
K9,135,70,156,143,202,230,209,232,0,116
K10,240,88,258,249,309,332,316,340,116,0
